24,2,3
26,0,8,-300
1,2,3
-
00,1 00,1 00,1 00,1 00,1 00,1 
00,1 00,1 00,1 00,1 00,1 00,1 
00,1 00,1 00,1 00,1 00,1 00,1 
00,1 00,1 00,1 00,1 00,1 00,1 
00,1 00,1 00,1 00,1 00,1 00,1 
00,1 00,1 00,1 00,1 00,1 00,1 
00,1 00,1 00,1 00,1 00,1 00,1 
00,1 00,1 00,1 00,1 00,1 00,1 
00,1 00,1 00,1 00,1 00,1 00,1 
00,1 00,1 00,1 00,1 00,1 00,1 
00,1 00,1 00,1 00,1 00,1 00,1 
00,1 01,1 01,1 01,1 01,1 00,1 
00,1 00,1 00,1 00,1 00,1 00,1 
-
00,1 00,1 00,1 00,1 00,1 00,1 
00,1 00,1 00,1 00,1 00,1 00,1 
00,1 00,1 00,1 00,1 00,1 00,1 
00,1 00,1 00,1 00,1 00,1 00,1 
00,1 00,1 00,1 00,1 00,1 00,1 
00,1 00,1 00,1 00,1 00,1 00,1 
00,1 00,1 00,1 00,1 00,1 00,1 
00,1 00,1 00,1 00,1 00,1 00,1 
00,1 00,1 00,1 00,1 00,1 00,1 
00,1 00,1 00,1 00,1 00,1 00,1 
00,1 01,1 01,1 02,1 10,1 00,1 
00,1 01,1 00,1 00,1 00,1 00,1
00,1 00,1 00,1 00,1 00,1 00,1 
-
00,1 00,1 00,1 00,1 00,1 00,1 
00,1 00,1 00,1 00,1 00,1 00,1 
00,1 00,1 00,1 00,1 00,1 00,1 
00,1 00,1 00,1 00,1 00,1 00,1 
00,1 00,1 00,1 00,1 00,1 00,1 
00,1 00,1 00,1 00,1 00,1 00,1 
00,1 00,1 00,1 00,1 00,1 00,1 
00,1 00,1 00,1 00,1 00,1 00,1 
00,1 00,1 00,1 00,1 00,1 00,1 
00,1 00,1 00,1 00,1 00,1 00,1 
00,1 01,1 01,1 01,1 01,1 00,1 
00,1 00,1 00,1 00,1 00,1 00,1 
00,1 00,1 00,1 00,1 00,1 00,1 
-
00,1 00,1 00,1 00,1 00,1 00,1 
00,1 00,1 00,1 00,1 00,1 00,1 
00,1 00,1 00,1 00,1 00,1 00,1 
00,1 00,1 00,1 00,1 00,1 00,1 
00,1 00,1 00,1 00,1 00,1 00,1 
00,1 00,1 00,1 00,1 00,1 00,1 
00,1 00,1 00,1 00,1 00,1 00,1 
00,1 00,1 00,1 00,1 00,1 00,1 
00,1 00,1 00,1 00,1 00,1 00,1 
00,1 00,1 00,1 01,1 01,1 00,1 
00,1 00,1 00,1 00,1 00,1 00,1 
00,1 00,1 00,1 00,1 00,1 00,1 
00,1 00,1 00,1 00,1 00,1 00,1 
-
00,1 00,1 00,1 00,1 00,1 00,1 
00,1 00,1 00,1 00,1 00,1 00,1 
00,1 00,1 00,1 00,1 00,1 00,1 
00,1 00,1 00,1 00,1 00,1 00,1 
00,1 00,1 00,1 00,1 00,1 00,1 
00,1 00,1 00,1 00,1 00,1 00,1 
00,1 00,1 00,1 00,1 00,1 00,1 
00,1 00,1 00,1 00,1 00,1 00,1 
00,1 00,1 00,1 00,1 00,1 00,1 
00,1 00,1 01,1 01,1 01,1 00,1
00,1 00,1 00,1 00,1 00,1 00,1 
00,1 00,1 00,1 00,1 00,1 00,1 
00,1 00,1 00,1 00,1 00,1 00,1 
-
00,1 00,1 00,1 00,1 00,1 00,1 
00,1 00,1 00,1 00,1 00,1 00,1 
00,1 00,1 00,1 00,1 00,1 00,1 
00,1 00,1 00,1 00,1 00,1 00,1 
00,1 00,1 00,1 00,1 00,1 00,1 
00,1 00,1 00,1 00,1 00,1 00,1 
00,1 00,1 00,1 00,1 00,1 00,1 
00,1 00,1 00,1 00,1 00,1 00,1 
00,1 00,1 00,1 01,1 01,1 00,1 
00,1 01,1 00,1 00,1 00,1 00,1 
00,1 00,1 00,1 00,1 00,1 00,1 
00,1 00,1 00,1 00,1 00,1 00,1 
00,1 00,1 00,1 00,1 00,1 00,1 
-
00,1 00,1 00,1 00,1 00,1 00,1 
00,1 00,1 00,1 00,1 00,1 00,1 
00,1 00,1 00,1 00,1 00,1 00,1 
00,1 00,1 00,1 00,1 00,1 00,1 
00,1 00,1 00,1 00,1 00,1 00,1 
00,1 00,1 00,1 00,1 00,1 00,1 
00,1 00,1 00,1 00,1 00,1 00,1 
00,1 00,1 00,1 00,1 00,1 00,1 
00,1 00,1 00,1 01,1 01,1 00,1 
00,1 05,1 00,1 00,1 00,1 00,1 
00,1 00,1 00,1 00,1 00,1 00,1 
00,1 00,1 00,1 00,1 00,1 00,1 
00,1 00,1 00,1 00,1 00,1 00,1 
-
00,2 00,2 00,2 00,2 00,2 00,2 08,2 08,2 08,2 08,2 
00,2 00,2 00,2 08,2 08,2 08,2 01,2 01,2 01,2 08,2 
00,2 00,2 00,2 08,2 01,2 01,2 01,2 01,2 01,2 08,2 
00,2 00,2 00,2 08,2 01,2 01,2 08,2 01,2 01,2 08,2 
00,2 00,2 00,2 08,2 01,2 01,2 08,2 08,2 08,2 08,2 
00,2 00,2 00,2 08,2 08,2 08,2 00,2 00,2 00,2 00,2 
00,2 00,2 00,2 00,2 08,2 00,2 
00,2 00,2 00,2 00,2 03,1 00,2 
00,2 00,2 00,2 00,2 00,2 00,2 
00,2 00,2 00,2 00,2 00,2 00,2 
00,2 00,2 00,2 00,2 00,2 00,2 
00,2 00,2 00,2 00,2 00,2 00,2 
00,2 00,2 00,2 00,2 00,2 00,2 
-
00,2 00,2 00,2 00,2 00,2 00,2 08,2 08,2 08,2 08,2 
00,2 00,2 00,2 08,2 08,2 08,2 00,2 09,2 00,2 08,2 
00,2 00,2 00,2 08,2 00,2 07,2 00,2 00,2 09,2 08,2 
00,2 00,2 00,2 08,2 00,2 07,2 08,2 00,2 00,2 08,2 
00,2 00,2 00,2 08,2 00,2 00,2 08,2 08,2 08,2 08,2 
00,2 00,2 00,2 08,2 00,2 08,2 00,2 00,2 00,2 00,2 
-