12,2,3
11,2,10,-300
-
000000
000000
000000
000000
000000
000000
000000
000000
000000
000000
000000
011110
000000
-
000000
000000
000000
000000
000000
000000
000000
000000
000000
000000
011200
090087
000000
-
000000
000000
000000
000000
000000
000000
000000
000000
000000
000000
011110
000000
000000
-
000000
000000
000000
000000
000000
000000
000000
000000
000000
000110
000000
000000
000000
-
000000
000000
000000
000000
000000
000000
000000
000000
000000
001110
000000
000000
000000
-
000000
000000
000000
000000
000000
000000
000000
000000
000110
010000
000000
000000
000000
-
000000
000000
000000
000000
000000
000000
000000
000000
000110
050000
000000
000000
000000
-
0000008888
0008881118
0008111118
0008118118
0008118888
0008880000
000080
000030
000000
000000
000000
000000
000000
-
0000008888
0008880908
0008070098
0008078008
0008008888
0008080000
-

00,1 00,1 00,1 08,1 00,1 07,1 00,1 00,1 09,1 08,1 